20: (20,84) (20,685) 
24: (24,102) (24,897) 
84: (84,910) 
102: (102,910) 
221: (221,816) 
253: (253,910) 
319: (319,102) 
343: (343,910) 
362: (362,910) 
422: (422,362) 
614: (614,20) (614,24) (614,221) (614,319) (614,422) (614,662) (614,690) (614,713) (614,871) (614,971) 
662: (662,343) 
685: (685,910) 
690: (690,897) 
713: (713,897) 
776: (776,910) 
816: (816,910) 
871: (871,776) (871,982) 
891: (891,910) 
897: (897,910) 
971: (971,253) (971,891) 
982: (982,910) 

Time taken by function <shortestPathsGraph> is : 0.008182 sec
